entry_test_price;exit_high_price1;exit_high_price2;exit_low_price1;exit_low_price2;high_prediction1;high_prediction2;low_prediction1;low_prediction2;test_price;timeStamp;volume
6017.0;6189.99;6112.3;5864.9;5956.0;6169.81982421875;6125.18017578125;5823.72998046875;5832.35986328125;5956.0;1556841600;4310.73
6098.3;6112.3;6102.0;5956.0;5904.1;6261.10986328125;6330.7998046875;5884.22021484375;5985.6201171875;5904.1;1556928000;2377.67
6041.4;6102.0;6325.0;5904.1;6029.0;6292.91015625;6454.1298828125;6061.31982421875;6193.009765625;6029.0;1557014400;3175.11
6027.9;6325.0;6230.0;6029.0;6008.1;6263.580078125;6455.509765625;6072.080078125;6183.2099609375;6008.1;1557100800;6347.07
6098.5;6230.0;6344.0;6008.1;6164.91;6429.22021484375;6485.5498046875;6126.27978515625;6175.52001953125;6164.91;1557187200;4359.02
6201.5;6344.0;6522.2;6164.91;6212.3;6313.18017578125;6484.4599609375;6075.08984375;6166.2998046875;6212.3;1557273600;4872.03
6262.0;6522.2;7279.0;6212.3;6438.8;6469.89013671875;6647.16015625;6181.490234375;6309.330078125;6438.8;1557360000;6994.36
6438.8;7279.0;7448.0;6438.8;6858.1;6690.5400390625;6940.72021484375;6300.490234375;6489.14013671875;6858.1;1557446400;26195.52
7125.2;7448.0;8050.0;6858.1;6880.0;7543.22021484375;7569.81982421875;6852.68994140625;6948.10009765625;6880.0;1557532800;16023.63
6983.07;8050.0;8194.1;6880.0;7652.0;7357.43994140625;7825.06982421875;6950.16015625;6984.14990234375;7652.0;1557619200;22806.31
7770.7;8194.1;8209.0;7652.0;7841.8;8386.400390625;8691.490234375;7288.68994140625;7743.0400390625;7841.8;1557705600;16252.73
7952.0;8209.0;8352.3;7841.8;7700.1;8523.66015625;8669.8798828125;7521.68994140625;7965.91015625;7700.1;1557792000;9689.15
8135.5;8352.3;7910.0;7700.1;7030.21;8040.72998046875;8382.08984375;7467.47021484375;7589.77001953125;7030.21;1557878400;10580.3
7857.57;7910.0;7518.0;7030.21;7208.8;8183.27001953125;8467.6103515625;7543.68994140625;7796.66015625;7208.8;1557964800;12800.85
7416.8;7518.0;8269.2;7208.8;7249.4;7890.27978515625;8211.75;7247.330078125;7478.75;7249.4;1558051200;4530.57
7260.1;8269.2;8188.0;7249.4;7600.4;7574.10009765625;8095.60009765625;7125.5;7254.27001953125;7600.4;1558137600;13653.9
8190.0;8188.0;8094.0;7600.4;7815.4;8826.4501953125;9525.150390625;7913.10009765625;8283.240234375;7815.4;1558224000;8166.88
7985.07;8094.0;8039.9;7815.4;7500.2;8869.9697265625;9216.4599609375;7925.77978515625;8385.490234375;7500.2;1558310400;3872.2
7931.71;8039.9;7957.3;7500.2;7444.0;8492.6904296875;8874.9404296875;7951.3701171875;7998.9501953125;7444.0;1558396800;4517.67
7620.0;7957.3;8158.6;7444.0;7801.4;8009.68017578125;8144.5400390625;7574.56005859375;7610.6298828125;7801.4;1558483200;5293.32
7872.1;8158.6;8135.2;7801.4;7950.5;8213.1796875;8548.5400390625;7738.31005859375;7821.25;7950.5;1558569600;4703.95
7994.9;8135.2;8828.0;7950.5;7880.3;8354.6904296875;8560.7001953125;7790.5498046875;8005.41015625;7880.3;1558656000;2297.28
8055.0;8828.0;8958.3;7880.3;8655.8;8275.3798828125;8444.3603515625;7750.64990234375;7914.39990234375;8655.8;1558742400;11363.67
8729.87;8958.3;8846.9;8655.8;8520.0;8955.240234375;9472.48046875;8347.3603515625;8647.41015625;8520.0;1558828800;7758.05
8806.1;8846.9;8796.5;8520.0;8455.8;9248.7802734375;9616.5302734375;8656.080078125;8891.3603515625;8455.8;1558915200;4914.69
8738.1;8796.5;9109.0;8455.8;8017.6;8899.7197265625;8940.7900390625;8470.3095703125;8430.33984375;8017.6;1559001600;3720.81
8681.2;9109.0;8550.0;8017.6;8099.93;8972.259765625;9272.5595703125;8379.25;8713.83984375;8099.93;1559088000;8861.77
8270.0;8550.0;8625.7;8099.93;8451.1;8796.8603515625;8903.1904296875;8296.9404296875;8388.01953125;8451.1;1559174400;6237.78
8532.67;8625.7;8825.0;8451.1;8540.3;8806.849609375;8810.2998046875;8368.83984375;8438.5302734375;8540.3;1559260800;2466.17
8547.0;8825.0;8740.1;8540.3;8048.0;8900.6201171875;9145.8798828125;8459.25;8650.3603515625;8048.0;1559347200;3318.26
